1507735240 588
1507735654 1453
1507814742 3543
1507815902 7828
1509389706 8126
1509389746 8126
1509389785 8126
1512055878 12258
1515516093 12970
1515603754 13137
1515689417 13494
1516643003 14176
1517248268 14693
1517569318 15808
1521561237 17144
1521569939 17717
1521654596 17880
1521738235 17990
1522179216 18307
1522254815 18438
1522633431 19000
1522697438 19765
1522704241 20182
1522945386 20513
1523323748 20924
1523375735 21839
1523464543 23579
1523637302 25148
1523897704 26800
1524059541 28302
1524059645 28302
1524059688 28438
1524065452 28637
1524067587 28838
1524146456 29387
1524150234 29753
1524236820 29964
1524405956 30066
